277728224
277412034
277409853
277381902
276960030
276948798
276922095
276823777
276346703
276159943
275702538
275406600
275243138
274363543
273819808
272449818
272000024
271380890
263070154
262590428
261982682
229714486
212597849
209389165
207256575
202879294
199582064
195291930
194960730
193614514
170708233
140416370
101782486
76013370
75307228
74021317
56609155
53728878
52004412
10005245
277425002
277361862
277165432
277024165
276883579
276641698
275948240
275928713
275905148
274458341
274031576
271518926
271379451
253129523
247858753
220665663
195545304
190335975
190240560
189940673
186286187
177487151
168283405
165030729
91947689
70224520
69644748
55319105
50322710
49910019
49002009
42230121
32490132
13419678
8886007
7982628
7833728
4780917
3304875
394473
277464359
276313958
275599939
275362670
274845339
274649745
270546273
270504803
270234757
252884778
249876840
249875170
249875150
196411152
195801321
190843478
190238356
187827003
179063564
170708219
154245455
120219394
107802183
106863963
95289208
90056907
85923342
77982982
76401055
52789367
52788072
40933971
37887031
31509726
16284286
12053550
10095276
3639597
3082815
540039
277585864
277164014
276959919
276949979
276546963
276388548
276019606
275316345
274468053
273844978
271118010
267208813
263559021
225912339
214186194
214186191
205581885
189643105
187827443
184419723
177637709
176909221
161008715
155550591
111537683
100958457
95218451
82912488
73787185
54614797
52805060
35191892
31568245
7718737
4080373
3608623
3014291
2619499
540040
445866
277599017
277579261
277555168
277545494
277314379
277228149
277228095
276833162
276660934
276641008
276477771
276377311
275576878
275408103
274728364
274566783
273844083
273356637
273119666
273114488
272367381
272129446
206837303
195624160
185909452
168662171
139303869
127844385
97561438
79672197
76776245
72459686
57762732
52584834
40933969
14684312
12138656
10581200
1938895
750578
277521298
277514056
277514023
277420881
276845194
276777219
276302840
275264393
275044457
274175495
273596551
273534078
273386450
273204957
271916321
271270199
252035395
249960247
207946236
204000450
201845361
174842858
172545674
157255752
147920903
117238177
109017985
102887973
84565498
75953557
73207240
73207098
52329763
14453314
10866297
9687416
7369223
2542273
764032
347334
277614440
277497120
277138904
276976913
276976868
276912320
276659602
276653748
276471716
276396477
276353084
276077530
275782190
275705688
274377039
272608921
272123977
271528700
271198538
263790942
253366281
205148094
203864188
196001721
194130753
192909292
192475873
173748415
161426354
125362334
78975610
66619715
57325187
52749673
10392851
10227722
9810500
8886001
1544255
381234
277596870
277526109
277499663
277444558
277165894
276762206
276451290
276091633
275962493
275332762
274546151
274120615
273921445
273120248
271219230
270114030
253365659
243006533
242424688
216090603
203883775
196150464
174301838
160370181
158019962
157432540
157240665
154938614
147999778
110112108
106365090
104769768
93734071
75947774
57815506
36399672
12377498
10397241
2612565
1702825
277447087
277438611
277164021
276756758
276653743
276051707
275909699
275625701
275190399
274247757
274163649
273910316
273587240
272269829
262977989
262797660
241821098
219148748
213704979
207752597
188940817
185909442
184466860
171556602
170298038
157019700
143185998
76013378
72308265
69162885
59262880
44976191
17336364
16135287
15592539
12107379
10640993
2496281
2430425
730782
277603487
277566726
277375254
277361914
277358711
277342703
277228004
277045718
276477770
275975633
275945034
275576876
274545380
274055999
273691873
271784299
271414264
271162836
248755023
225269678
217320676
210277880
194960744
168662558
165956567
138107485
113351050
107802188
94906643
78598381
77105730
69764541
62373313
57354850
53301432
45663008
24403748
13446508
1726203
638185
277614424
277441515
277312609
277043038
276975246
276912317
276854164
276076848
275567526
275399536
275243125
274327431
274170471
273953496
273457566
271337379
263023030
249160355
243090202
217172960
212992705
195545504
195291934
170345811
147761080
112110014
106225670
87389629
82936273
77323488
76388962
68059466
67060012
33492447
22099041
16391543
16284288
2776871
1197801
1080002
277599506
277527674
277393740
276912267
276756378
276526058
276256745
276231591
275853526
275773683
275676836
275585434
275089663
275041762
274315608
273672301
272854044
271278938
248544480
212212206
199216988
198208145
194397506
191693167
187933654
187827445
146988856
106362865
54266567
51286732
48629547
41299108
31205932
19274771
15267827
13624088
3718031
3408327
1681473
419336
277591013
277587807
277514358
277135732
277024636
276922183
276503172
276436427
275218105
274377708
274349987
273135675
273134989
270768957
263068035
207754093
201892206
173882432
171574050
161878354
157432544
155463025
153045603
152743069
151597552
139979524
127649070
111537689
67991610
58839915
33543695
32737026
17493916
16135291
9948009
8885995
1667493
1647103
730580
633125
277381908
277357535
277339285
277164026
276944801
276919300
276912279
276841003
276840941
276377308
275300116
274844704
274544396
274404957
273961036
273691882
270661230
265478085
263117193
263066292
243097256
214773792
212356656
208560326
205010302
201158670
191148972
183539215
136819095
119026255
113530805
90985722
74486743
73871086
50723822
36470292
16082945
11371249
6807847
997535
277539716
277139821
276509013
275900071
275354843
275140709
274828145
273787215
273691878
273119477
271631013
271014726
263514100
222679651
214598579
206675362
205039768
199030585
195573547
178294073
147920907
145289356
99681450
91553053
91471505
75996787
75996783
74793313
65443438
53433383
52393321
48481763
44934855
34281582
30757177
11221400
10383904
1667307
1544261
658826
277345340
276919864
276174668
275006668
274926600
274842313
274663950
273708793
270233573
267339628
198822734
198820209
197964799
196142106
190861557
184101368
182551495
169825414
166079528
155049261
111582626
108710197
87959748
76175426
75996779
73593776
73222800
59362957
58272314
51215567
49368591
48613094
44976179
44433397
42975887
37699918
25125674
2393061
512977
473058
277575784
277516070
277506962
277482522
277356707
277164024
276376962
275901256
275569214
274807860
274807853
273418799
273355903
270734420
263682934
263199889
263028543
251395978
225909087
216001266
206678865
197212989
196409866
191919685
129766523
107707568
102440084
96550393
77730766
73230838
71907868
53720983
32674752
24951095
8835141
7833003
2388505
1822057
543365
473823
276525657
276504657
276497195
276450479
276384547
275844089
275335280
275335277
275300046
275153551
274848353
274802501
273708791
271515947
260811707
248362144
209891492
207810985
197584816
195961285
192376844
190491187
176831152
168712398
165701973
153945429
153518828
147988196
100382944
98740795
79126532
75813201
74416874
50215938
38265901
22634335
14890554
9729890
764033
419590
277521192
277347274
277312183
276944803
276928994
276862868
276379811
275946529
275703757
275408090
274845354
274761877
274498228
273822788
273621275
273202457
272857824
271729831
263419926
263391841
251928260
251769246
251444983
192125792
190601856
186265449
185226875
181938702
178502501
146225297
139979522
111285062
104074997
80657321
77109209
71345381
69624539
39909003
24984581
3859125
277559056
277553344
277515695
277413581
277348578
277175092
277139294
277003404
276944781
276800483
276567641
276525618
276488182
276387182
276077659
275868849
275263314
274668055
274612423
273346856
272349551
271320333
270677472
247843970
212468185
205808261
204806201
200852591
197587865
158972052
113500861
109765020
75813211
66090079
48629535
40774181
10866305
7982626
2783071
997549
277400773
277360179
276933583
276641306
276528253
276375291
276289473
276158993
275882938
275861848
275212810
275025208
274634508
273952855
273691914
273383957
271317275
261803615
254078276
207841197
206840682
205942263
196411147
189326210
185653968
171549946
150838230
146362939
135552451
121185868
90622579
73222804
56750844
48362502
10866303
10752432
8835159
1565657
648672
509829
277521575
277520704
277485133
277381891
277360167
277045427
277003428
276833382
276659735
276377313
275591939
274919297
274171942
273724541
273079628
272349547
269946656
248544481
199731341
192117338
187827433
177234518
175798778
170708223
167301575
153518797
147058065
139567621
137161811
107560838
103379147
90985718
87226754
76105910
56757447
55506686
50246190
20520720
970417
377644
277562802
277539447
277461572
277420884
277361985
277357562
277232128
276952779
276840998
276231113
275066023
274857764
274607551
273823282
273612269
273316208
273202452
263500714
253099216
249739565
214599046
207841114
192124406
187183513
181122317
180230986
179546672
155463021
132366458
113583126
104611536
77105707
75639706
69644752
52329765
49747007
32415084
23416722
19274773
8121633
277441651
277408901
277360193
276841001
276642618
276451419
276110965
276107155
275946537
275243821
275178313
274931616
272226138
271808190
270660514
249374002
207968695
207642726
195801645
194017145
186876107
174215347
173174175
170706974
169377739
168293266
158641027
110448022
107026335
104314401
100931414
91625816
85763211
69978860
56454897
55605170
36363381
8835155
3608625
3608621
277441653
277436637
277408902
277400580
277327588
277008636
276894468
276649996
276396471
276375085
276289474
276051684
275927640
275903077
275853508
275354839
275105974
274638593
274411010
271391581
263067664
213701365
197964595
186256449
184101370
181770296
173745189
165150439
160759005
157054862
152870874
152743081
132355740
116397449
99511241
82996522
80628929
49002497
14643411
2316649
277599516
277570047
277553063
277551066
277515238
277395387
276963578
276862285
276718105
276610317
276353068
276078455
275948805
275278639
274761775
273933643
273896690
270677470
270529639
253274970
249178401
221230165
217154522
192125806
183058543
176591074
162844699
160269222
158622140
150269635
129381090
125737966
75996801
74341297
73521489
73125816
42240722
8835131
480059
378448
277559052
277553067
277520847
277408898
277397107
277281904
276932754
276886135
276234768
275986374
275853510
275613236
274599269
274069251
271626742
271479936
271223253
262590359
253444124
248608077
245787155
205033951
190705740
179546070
171876675
158868255
158019964
157244522
133162590
100347901
94878710
87391039
86517373
77774625
72001057
67712912
51903728
14684952
8155348
4255933
277489186
277486793
277468782
277400578
277384364
277375048
277316172
276957509
276568730
276525602
275014414
274925344
274921961
274242104
273958138
272582668
271782938
271199015
270744149
270660457
221228338
207005202
196515659
182972777
179546078
172079749
148697900
143226162
124767703
121185870
93327797
77105703
75829071
52785564
50685547
49722650
38436486
1697193
1639671
441373
277617620
277614419
277468778
277360085
277316251
276944793
276679043
276361235
275882947
275698427
275354841
274594256
274165378
273718675
272430555
272382710
270744256
235728500
215123440
200780115
196142087
192948869
190843397
186290796
186265462
184101365
140120577
111582631
105356995
100947274
76176359
60201076
53720978
44911510
28449505
19948893
10767515
8121460
5914507
1353607
277619593
277604266
277541764
277485271
277410869
277398406
277312187
277228145
277165601
276659622
276231114
275992784
275972360
275335272
274050643
273587157
271391596
270684095
247446852
189557807
189336449
185408437
167614005
165089915
90866359
80142837
73878873
73609405
71072209
51244265
49549966
39820798
32219488
5112975
2274523
719990
625478
543197
464132
356317
277599012
277551078
277520857
277484727
277438624
276943173
276886510
276886071
276451004
276427711
276408251
276366394
275591569
275269362
274771457
272853941
272106953
271828247
248656083
248544490
241899722
216437675
205814766
204078065
203958084
197657913
195885674
193099631
192949035
191782142
179721624
153492651
129381098
121372698
111285050
95997783
90257133
85029033
19824204
544731
277521304
277514038
277267331
276596512
276526887
276509017
276165164
275946093
275843796
275611542
275396866
274375357
274173569
273397161
273059015
273029241
272469472
271950440
270490737
257769856
249856790
242091363
198208141
194960720
192909304
191782162
145288029
130314065
92859060
72199563
68392386
66698344
66067655
52597663
22881852
10227724
1534615
1464015
1374413
969174
277559038
277559033
277555471
277521290
277505263
277485852
277483574
277461574
277228140
276960027
276895359
276661136
276418968
276344985
276286317
276155988
276106321
275882939
274163238
274028810
273397154
272471109
271141512
270734386
270504783
245787187
193896500
192948832
190707619
186290791
157054867
97561436
72001055
22878271
15362455
14053724
12053544
11368965
583680
394471
277485842
277436714
277348517
277314375
277038948
276894026
276624530
276467442
276256755
276130291
275570007
275025274
275016991
274949838
274770032
274573576
274456082
274123946
272967439
272349567
271218076
270660559
270466770
261801558
216204611
198089172
185067342
179063549
176550321
171212876
129937246
126743464
86267532
74217686
67991600
47242845
34709040
2207741
565645
492653
277532608
277281568
277253394
276960028
276947999
276807931
276683453
276649438
276567409
276174669
276077657
274376748
273714989
273464121
272458775
272349560
271542024
271337381
269896437
262477186
221229959
193895767
185410021
169640937
161310103
145288035
130233544
111582638
105663942
100384412
93249197
85560152
80141519
50072452
37727316
27594632
19662184
7277553
541315
475974
277604111
277571985
277395406
277314380
277313270
277281569
277232139
277184467
276912448
276850238
276583987
275948798
275623475
275611539
274826887
274802547
274724185
274160589
273921648
273258708
263764772
262662804
253284506
243006523
242734893
205001886
195801692
190705661
187933551
185873053
155463014
143858325
115078652
76443018
73810559
57767468
54445420
49501964
16440471
16422556
277570576
277566936
277566646
277563225
277559050
277526069
277312598
277138923
276924189
276653138
276504875
275926326
274926603
274368805
273641990
273464927
270847918
270662041
262733314
253398071
253284241
252098916
248798962
229809372
220669832
211961107
203937562
151509203
147988202
138269668
110447690
99513994
76541999
74458468
73515859
66751621
20917699
8293201
451553
416663
277603062
277587910
277575399
277482493
277408894
277381977
277357591
277342803
277319564
276933742
276408335
275688024
275429495
275332765
275006070
274953645
271495367
270304509
195801687
195283065
192948632
185909477
170706996
168234704
157019802
127077157
126853168
109505434
95218447
74460137
58546803
48629553
8011021
5154511
1534613
985825
595724
521004
480040
342851
277568806
277486211
277010670
277004623
276948023
276948006
276933075
276922197
276862188
276428048
275918253
275793440
275747476
275551850
274802730
274770354
274195548
273737647
273707120
271950433
270100228
263453750
214160728
202031248
197597246
195662905
195545322
184314877
173384075
167898291
131144753
96649478
65794213
63473605
58268249
39521136
8835157
1734377
1337733
626832
277600249
277564121
277557838
277435955
276975304
276851864
276507439
276439755
276252080
275748871
275060638
275059415
274969749
272454779
272269839
270880693
270699972
263098027
252179021
249157126
208289682
168924455
164921979
139730394
114937969
95008576
94173458
90480255
66952514
63924629
58063000
57211757
54431361
49181801
44151092
22650284
8325629
3640427
531908
487393
277614432
277582565
277541759
277488489
277444127
277267321
277028379
276931141
276900136
276895955
276886354
276625097
276074174
273951321
273662849
273476653
270883265
263068391
252044624
214493090
212480555
195801673
194104219
193896504
179063980
179063553
176550203
161383826
146224840
120509490
106863962
94347317
94173462
91544546
55079531
54120846
14053722
5067169
3732979
426595
277607677
277601116
277555140
277496312
277361435
277356345
277312580
277270058
277017960
276985552
276841167
276672420
275967015
275948804
275833055
275592363
275089565
272359255
263389188
253400480
243018715
200780102
196831940
194960733
193670893
161633750
160095198
134580101
129766803
100931418
87443841
86270918
73316970
68423753
67491398
41299102
16422526
11368983
6915413
3641267
277619669
277565631
277483779
277405915
277396061
277014339
276951904
276654187
276652099
276452001
276427834
276079793
274571494
274557494
274544984
274364964
274058345
273520472
273308813
271495372
270702712
270504399
252857451
252795775
243422449
225269674
197386505
196382820
165992295
156224977
151596746
147117815
108411035
82041440
68774264
52665707
10920495
1954475
1053642
531115
277559029
277400562
277381898
277228776
276833100
276750334
276583955
276430702
275974359
274170395
273958133
273829133
273280353
273250376
272392514
271193242
254132152
252912208
249773417
215123449
207400598
202179736
201290876
187843301
181699672
179063555
176752838
160081250
121635152
72165331
67249173
35720772
19884589
17336360
11508322
10379317
10227726
2449681
715595
572240
277539661
277447069
277231272
277017968
276819714
276801495
276800052
276467797
276408285
276388838
276079779
276002137
275359092
275337800
275104696
274733053
274168273
270625950
262338107
248541389
247858581
205986076
199706090
195357772
194205624
177321527
167972598
165150427
116406672
108501279
97957715
57595572
53532186
52788074
30156560
17881046
12574283
11119019
1582315
545278
277485823
277164033
276830327
276562878
276524232
276410247
276286447
276029106
274712912
273170068
271360777
270835318
270442396
263500630
251395985
241899647
241559512
206673076
204875014
202661687
198215147
194104230
191571494
188930494
177747011
173943081
171807976
155498031
143513113
138143167
113004373
111290700
61485319
58971674
50414368
48629558
22725442
10807780
816816
345391
277587126
277504518
277485840
277400584
277164028
277008566
277004603
276833106
276649434
276598456
276524962
275307615
274946271
274940704
271429056
216124178
201679851
201354730
198208142
193895771
191782133
185242031
185226879
179063535
178226036
165150437
110583137
101897983
72615305
58971672
38089615
35740871
32593153
13624070
11078646
9948023
7644510
3247781
1645715
473767
277554338
277485811
277483417
277417546
277314378
277228157
277228101
277045721
277020763
277017952
276674142
276598506
276566275
276509018
276450429
276252079
274964846
274828148
273850731
271360741
262695476
185409035
184070221
174038853
170708229
170345818
143186001
132366463
111271564
104732038
103640412
101983078
77900454
67991602
38419977
14136016
7953305
2542279
1681461
715592
277540745
277362282
276944791
276834434
276568866
276369209
276329472
276231590
275937122
275793457
275782222
275322771
275243828
274363154
273586983
273372255
270442405
263697333
262646235
216226700
213959333
213728190
208561144
197657917
193895775
185055209
177569697
160488880
124767712
108261354
80661840
58711366
40824600
29190890
27589910
17944708
5852521
595751
435811
386607
277502021
277498231
277490106
277488485
277486691
277339297
276829543
276609095
276545392
276482026
275821937
274364242
274138527
273122516
271476828
270242245
269028071
253058424
251756016
214490418
194130726
186369313
145288026
140045033
114046590
104558238
100347068
90480504
76278485
67865487
58627110
55589742
54748899
52696535
52207304
51845988
34869856
23436986
16284262
1059888